150 50 2000 1 2 RAPIDO
180 55 2200 1 3 OLA
210 60 2400 1 4 METRO
250 65 2600 1 5 PUBLICBUS
300 70 2800 1 6 PRIVATEVEHICLE
170 50 2100 1 7 TRAIN
190 52 2300 1 8 UBERAUTO
220 60 2500 1 9 RICKSHAW
160 55 2100 2 1 RAPIDO
200 58 2300 2 3 OLA
230 62 2500 2 4 METRO
270 68 2700 2 5 PUBLICBUS
320 75 2900 2 6 PRIVATEVEHICLE
180 54 2200 2 7 TRAIN
210 57 2400 2 8 UBERAUTO
240 64 2600 2 9 RICKSHAW
190 58 2200 3 1 RAPIDO
210 60 2400 3 2 OLA
240 65 2600 3 4 METRO
280 72 2800 3 5 PUBLICBUS
330 80 3000 3 6 PRIVATEVEHICLE
200 59 2300 3 7 TRAIN
220 61 2500 3 8 UBERAUTO
250 67 2700 3 9 RICKSHAW
210 60 2300 4 1 RAPIDO
220 62 2400 4 2 OLA
250 68 2600 4 3 METRO
290 74 2800 4 5 PUBLICBUS
340 85 3100 4 6 PRIVATEVEHICLE
210 61 2400 4 7 TRAIN
230 63 2600 4 8 UBERAUTO
260 70 2800 4 9 RICKSHAW
230 65 2400 5 1 RAPIDO
240 67 2500 5 2 OLA
270 72 2700 5 3 METRO
300 78 2900 5 4 PUBLICBUS
350 90 3200 5 6 PRIVATEVEHICLE
220 64 2300 5 7 TRAIN
240 66 2600 5 8 UBERAUTO
270 73 2800 5 9 RICKSHAW
250 70 2500 6 1 RAPIDO
270 75 2700 6 2 OLA
300 80 2900 6 3 METRO
330 85 3100 6 4 PUBLICBUS
380 95 3400 6 5 PRIVATEVEHICLE
240 68 2400 6 7 TRAIN
260 71 2700 6 8 UBERAUTO
290 77 2900 6 9 RICKSHAW
260 70 2600 7 1 RAPIDO
280 75 2800 7 2 OLA
310 80 3000 7 3 METRO
340 85 3200 7 4 PUBLICBUS
390 100 3500 7 5 PRIVATEVEHICLE
250 69 2500 7 6 TRAIN
270 72 2700 7 8 UBERAUTO
300 78 2900 7 9 RICKSHAW
270 75 2700 8 1 RAPIDO
290 80 2900 8 2 OLA
320 85 3100 8 3 METRO
350 90 3300 8 4 PUBLICBUS
400 110 3600 8 5 PRIVATEVEHICLE
260 73 2600 8 6 TRAIN
280 76 2800 8 7 UBERAUTO
310 82 3000 8 9 RICKSHAW
280 80 2800 9 1 RAPIDO
300 85 3000 9 2 OLA
330 90 3200 9 3 METRO
360 95 3400 9 4 PUBLICBUS
410 115 3700 9 5 PRIVATEVEHICLE
270 74 2700 9 6 TRAIN
290 78 2900 9 7 UBERAUTO
320 83 3100 9 8 RICKSHAW
